13 22.0 0.9210526347160339 0.30434781312942505 0.0 0.0 0.0 0.0 0.0 0.0 1.0 0.0 0.0 0.8 
13 45.0 1.6111111640930176 0.2222222238779068 0.0 0.0 0.0 0.0 0.0 0.0 1.8055555820465088 0.0 0.0 0.1
13 29.0 0.6507936716079712 0.1320754736661911 0.0 0.0 0.0 0.0 0.0 0.0 1.0 0.0 0.0 0.7 
13 23.0 0.9714285731315613 0.25 0.0 0.0 0.0 0.0 0.0 0.0 1.0 0.0 0.0 0.5 
13 23.0 0.8857142925262451 0.1428571492433548 0.0 0.0 0.0 0.0 0.0 0.0 1.0 0.0 0.0 1.0 
13 30.0 0.8909090757369995 0.875 0.0 0.0 1.0 0.0 0.0 0.0 1.0 0.0 0.0 0.3 
13 34.0 0.9818181991577148 0.8305084705352783 0.0 0.0 0.0 0.0 0.0 0.0 1.0 0.0 0.0 0.75 
13 27.0 0.790123462677002 0.8139534592628479 1.0 0.0 0.0 0.0 0.0 0.0 0.790123462677002 0.20987653732299805 0.0 0.7 
13 8.0 3.5999999046325684 0.0784313753247261 0.0 0.0 0.0 0.0 0.0 0.0 4.400000095367432 0.0 0.0 0.0 
13 23.0 0.9791666865348816 0.7179487347602844 0.0 0.0 1.0 0.0 0.0 0.0 0.5416666865348816 0.4583333432674408 0.0 0.2 
13 32.0 0.37037035822868347 1.0 1.0 0.0 2.0 0.0 0.1666666716337204 0.0 0.18518517911434174 0.4444444477558136 0.395061731338501 0.65 
13 30.0 0.8165137767791748 0.9864864945411682 2.0 1.0 1.0 0.0 0.0 0.0 0.33944955468177795 0.6697247624397278 0.0 0.1 
13 37.0 0.5142857432365417 0.8461538553237915 1.0 0.0 3.0 0.0 0.0 0.0 0.4714285731315613 0.5285714268684387 0.0 0.4 
13 40.0 0.625 1.0 9.0 1.0 4.0 0.0 0.1428571492433548 0.0 0.14772726595401764 0.7840909361839294 0.07954545319080353 0.0 
13 29.0 0.9710144996643066 1.0 2.0 0.0 1.0 0.0 0.0 0.0 0.30434781312942505 0.695652186870575 0.0 0.5 
13 34.0 0.9178082346916199 0.9152542352676392 1.0 0.0 1.0 0.0 0.0 0.0 0.5616438388824463 0.4383561611175537 0.0 0.8 
13 30.0 0.8333333134651184 0.8260869383811951 2.0 1.0 2.0 0.0 0.0 0.0 0.1538461595773697 1.2820513248443604 0.20512820780277252 0.0 
13 33.0 0.9066666960716248 0.9333333373069763 1.0 0.0 0.0 0.0 0.10000000149011612 0.0 0.1066666692495346 0.1599999964237213 0.746666669845581 0.4 
13 53.0 1.2179486751556396 1.4038461446762085 1.0 0.0 2.0 0.0 0.0 0.0 0.5641025900840759 0.29487180709838867 0.5512820482254028 0.6
13 32.0 0.8705882430076599 0.96875 2.0 0.0 1.0 0.0 0.1428571492433548 0.0 0.3764705955982208 0.07058823853731155 0.5764706134796143 1.0 
13 15.0 12.0 0.5400000214576721 0.0 0.0 0.0 0.0 0.0 0.0 12.666666984558105 0.0 0.0 0.0 
13 36.0 0.34375 0.4385964870452881 0.0 0.0 0.0 0.0 0.0 0.0 1.78125 0.0 0.0 0.0 
13 64.0 2.9375 1.218181848526001 1.0 0.0 1.0 0.0 0.0 0.0 3.65625 1.5 0.5625 0.2 
13 64.0 2.9375 1.218181848526001 1.0 0.0 1.0 0.0 0.0 0.0 3.65625 1.5 0.5625 0.0 
13 49.0 1.2307692766189575 0.28205129504203796 0.0 0.0 0.0 0.0 0.0 0.0 2.0512821674346924 0.0 0.0 0.0 
13 23.0 1.899999976158142 0.3913043439388275 0.0 0.0 0.0 0.0 0.0 0.0 4.699999809265137 0.0 0.0 0.51 
13 35.0 4.666666507720947 0.9459459185600281 0.0 0.0 0.0 0.0 0.0 0.0 6.44444465637207 1.4444444179534912 0.0 0.0 
13 12.0 10.5 0.09090909361839294 0.0 0.0 0.0 0.0 0.0 0.0 11.0 0.0 0.0 0.1 
13 30.0 0.875 0.6333333253860474 0.0 0.0 0.0 0.0 0.0 0.0 2.25 0.0 0.0 0.0 
13 21.0 1.5 0.6216216087341309 0.0 0.0 0.0 0.0 0.0 0.0 8.75 0.75 0.0 0.3 
13 34.0 2.9375 0.27272728085517883 0.0 0.0 0.0 0.0 0.0 0.0 3.75 0.0 0.0 0.6 
13 18.0 3.090909004211426 0.12765957415103912 0.0 0.0 0.0 0.0 0.0 0.0 3.3636362552642822 0.0 0.0 0.0 
13 15.0 2.0 0.06666667014360428 0.0 0.0 0.0 0.0 0.0 0.0 4.5 0.0 0.0 0.15 
13 41.0 0.875 0.6888889074325562 0.0 0.0 0.0 0.0 0.0 0.0 1.625 0.0 0.0 0.15 
13 11.0 3.6666667461395264 0.27659574151039124 0.0 0.0 0.0 0.0 0.0 0.0 3.8333332538604736 0.0 0.0 0.25 
13 21.0 3.75 0.23529411852359772 0.0 0.0 0.0 0.0 0.0 0.0 4.625 0.0 0.0 0.2 
13 17.0 1.5714285373687744 0.21276596188545227 0.0 0.0 0.0 0.0 0.0 0.0 3.857142925262451 1.0 0.0 0.3 
13 9.0 2.0 0.03125 0.0 0.0 0.0 0.0 0.0 0.0 3.8333332538604736 0.0 0.0 0.3 
13 10.0 2.3333332538604736 0.07407407462596893 0.0 0.0 0.0 0.0 0.0 0.0 2.6666667461395264 0.0 0.0 0.32 
13 18.0 2.1111111640930176 0.3142857253551483 0.0 0.0 0.0 0.0 0.0 0.0 6.666666507720947 0.0 0.0 0.32 
13 12.0 2.5 0.0 0.0 0.0 0.0 0.0 0.0 0.0 2.6111111640930176 0.0 0.0 0.4 
13 20.0 0.8604651093482971 0.3513513505458832 0.0 0.0 0.0 0.0 0.0 0.0 1.0 0.0 0.0 0.6 
13 45.0 2.058823585510254 1.0277777910232544 0.0 0.0 0.0 0.0 0.0 0.0 2.098039150238037 0.0 0.0 0.4 
13 18.0 0.9622641801834106 0.5454545617103577 0.0 0.0 2.0 0.0 0.0 0.0 0.9056603908538818 0.09433962404727936 0.0 0.55 
13 41.0 1.7254902124404907 1.2244898080825806 0.0 0.0 0.0 0.0 0.0 0.0 1.784313678741455 0.0 0.0 0.45 
13 28.0 1.1791044473648071 0.800000011920929 2.0 0.0 2.0 0.0 0.0 0.0 0.746268630027771 0.4776119291782379 0.0 0.65 
13 18.0 0.9800000190734863 0.5909090638160706 0.0 0.0 0.0 0.0 0.0 0.0 1.0 0.0 0.0 0.5 
13 27.0 0.849056601524353 0.7941176295280457 0.0 0.0 0.0 0.0 0.1111111119389534 0.0 0.49056604504585266 0.09433962404727936 0.4150943458080292 0.75 
13 24.0 0.8392857313156128 0.8125 0.0 0.0 1.0 0.0 0.2222222238779068 0.0 0.2678571343421936 0.375 0.375 0.8 
13 33.0 1.5499999523162842 0.8064516186714172 0.0 0.0 0.0 0.0 0.0 0.0 2.25 0.0 0.0 0.65 
