16 -0.0026560307931072988 0.0013091195949726366 -0.001853076600140685 -0.0014775210690784334 8.98031153313925E-4 2.62829958539014E-4 -2.1309566078462044E-4 -2.945955726967143E-4 -0.0013029216140679157 0.0011398013589465944 -7.542133902339668E-4 -7.847805130031846E-4 0.0023404917288907356 9.36736961221383E-4 -4.688822392332353E-5 -0.002145706930205268 
16 0.00140909469764242 0.0014402962262340415 3.612657416269622E-4 4.704996257555231E-4 0.002646114742357988 -0.001699520179274516 -0.0023668316741913558 -7.706200845547617E-4 -0.0026377414546687942 8.284797407366811E-4 -0.0023631004256896935 0.0013302292494693614 -1.8926706033857812E-4 -0.003047764862613494 0.0012782500984116116 2.5569355935609154E-4 
16 0.0027216089538416414 -6.33560318278105E-4 -0.0016025296066937377 0.0024924486981319762 -0.001479363898784723 0.0011391320931447594 0.0016604247701922591 0.0026321498872519645 -0.002367261100978183 -6.172958983821227E-4 -0.0027971770351102685 -0.0027470995623043097 -0.0016743289308986048 0.002919524260136164 -0.001392850152536852 -7.648917146690303E-4 
16 0.003018383527115072 -0.0017564997938304804 -1.3825729450657576E-4 9.653461296859692E-4 -0.0023770137734111236 -0.0028714031627772043 -0.0030054813102710705 0.0021491773041598787 -0.0020660595360565467 -0.002141703986007722 0.0014385334899264398 -0.0023461711031208883 7.698063947003175E-4 0.002287123689310994 -0.0015524870241969565 5.943096120249149E-4 
16 -0.0010705157065986595 0.0018334556369636824 -1.336707101890731E-5 2.3156387614253505E-4 -0.0029004369869001898 9.14246220346687E-4 5.35983863291103E-4 8.929442790056831E-4 0.0021344875413260712 0.002149204641872691 -3.359875852902361E-4 -8.374957836749559E-4 -0.0016300771839284185 0.002240200878230151 2.7782915822935117E-4 -0.00105017088382639 
16 -0.002254136666742662 6.00377581914339E-4 0.0010201263572801654 0.0010885549516467476 -9.61502219405823E-4 1.5880583014841231E-4 -0.0016947353999731732 8.535343167926646E-5 0.0012376024883351355 0.0019025112747712842 8.309905393607082E-4 0.0018215181893428247 -0.0011607969711967783 0.0012656547005894586 8.49003549350152E-4 -1.6226340215915984E-4 
16 -7.055531207608092E-4 -0.0029289069262683426 -0.0019193881814163582 0.0017593276453911092 -4.6453487225930125E-4 -0.0025678875493792665 -0.002556902084643337 0.0018454109840463629 -0.002927879273515318 1.0904588138021757E-4 0.0011862303810059786 -0.002173722856316768 0.002773222826069458 -0.0015964979759692933 -3.3434343941167346E-4 0.0021859453927714897 
16 -0.002030680069958808 0.0024843982227396506 -0.001769748154008269 0.001720906879547399 6.130249682093616E-4 -0.0013753948043464987 0.0011653601179303509 -0.0013575174364737993 -0.001225865263969061 4.163055199173776E-4 0.0022086454791774386 0.00278527892124924 -8.152672360620236E-4 -0.0022342250117031188 2.2270378635949899E-4 -0.002138698308896236 
16 7.11047451365425E-4 3.044399885021652E-4 0.0019235623272351656 -6.908501856423514E-5 -4.935165524637668E-4 0.0022570189333197105 -8.21713434296459E-4 0.0021772212805749582 -0.0019582537598368303 2.9005358393505696E-4 -0.0019442529864559137 0.0010320982953350918 -3.2289434924851775E-4 -0.002923703259746135 -8.320573276342173E-4 0.002274599788801556 
16 -0.0011106913204004087 0.0029393816160926253 -0.0018274336653337528 -3.2084546762282967E-4 -4.2835196859680584E-4 -4.172233063825337E-4 -7.452061197592851E-4 -8.276511207041942E-4 -0.002592537203448494 -3.7021552479258885E-4 0.0012554529850159859 0.002291859164263206 -0.00291303332566407 -0.0019009174998719089 0.0016170584252991223 0.002292190840935322 
16 0.0017304467754761122 -8.873237095944841E-4 -7.09936379250367E-4 -0.002734951668934859 -0.0021256516348221255 6.622350048915704E-4 -5.046881268211475E-4 -9.283827884279571E-4 -0.0024041280296762733 -2.4097750258931868E-4 -9.936033154075016E-4 -0.002281020890137633 0.001261226168202394 4.80918901687114E-4 -0.0025280709839849832 -0.002731793457002892 
16 -0.0022050186957436294 0.0018769596055978753 -3.153179209365118E-4 -0.001739645168243151 5.14272630062918E-4 -0.0028829392459914643 0.00257259664882361 -9.744755213938535E-4 -0.0021317124953116246 -5.148832543177166E-4 -0.0024008139470085626 0.0013821604367360498 -9.062763420810697E-5 0.0012291508166491604 -0.0022057785557315795 0.0028182331989021147 
16 0.001005735927764777 -7.020214167100518E-4 3.2395267413722355E-5 0.0015372160427188375 0.0026776386313296274 -0.0016100951885891302 -9.424333312804598E-4 -4.8590162472459585E-4 -0.0016653047777998085 0.001994157647270126 0.00253979739726753 7.770556125161686E-4 -3.645647620687782E-4 0.002762181101329898 0.0013520827244702862 -0.0023587858825334985 
16 0.0028030645279419546 0.001413871982029326 0.0016403281577029199 -0.0021914966523411826 -8.96627059900695E-4 -2.538605951703457E-4 0.00119018625934846 0.0017462340682577434 3.065422172732929E-5 -9.932197786010953E-4 -0.002321800370817185 0.0015258678893392149 -2.536306126813564E-4 -0.0016593575265274458 -0.0025117248893253546 0.0018116112520399062 
16 -0.0015396277597036457 0.002153153102229499 0.0019946619569857797 -8.150166437218791E-4 0.0013795060439231325 0.0020159586048206033 -1.1064707706842225E-4 0.001754097507385789 8.274759505535863E-4 4.49686876311672E-4 5.8930675656887976E-5 8.416139735611035E-4 -2.569747204506806E-4 0.0017856535743821392 -0.001627270447233703 0.002564335535981719 
16 -2.81148771344864E-4 -0.002751252774891588 0.0015187474398123586 -4.8628933005033336E-4 -0.0023099278158284497 9.504913068163052E-4 2.0895719498965928E-4 0.0014467205714756457 -0.00210538218600984 4.79943993431231E-5 0.0012390968967955593 0.0020998974904454988 0.0014343464791928028 -0.0014683541732099172 -0.002485337031712751 -0.001096476679915478 
16 -0.0027010052539573515 -0.0017852183029599669 0.002725888651879905 0.0018042729976061047 2.9979983595009843E-4 -9.44429552089718E-4 0.0021840956292941954 -0.0016452321333064403 0.002374378880828772 9.744947204403984E-4 3.695953202945775E-5 0.0027304056268669147 0.0018561747986372361 -0.002253876286893858 4.570027501716603E-4 -7.424542781046692E-4 
16 0.002561453719113135 -1.2742416476679052E-4 0.0015147440073710477 0.002259544282898986 -0.0017262706272624044 0.0015177913439229382 -0.002384785953798955 6.626747195372242E-4 0.001213649858002338 0.0013860277244016539 -8.465201340538939E-4 -0.0022557892841383867 -5.977569283337531E-4 -0.0013944605921410857 -0.0023886686065130993 -1.2106781849741761E-4 
16 -0.0019126479332862393 -0.0021161303628035306 -0.0017528474225801751 -0.002237046259016656 -0.002957424033512281 -0.001360009808475259 0.0014103364636015117 0.0017470903668733782 5.02608192311003E-4 -8.442108786896752E-4 -0.002753583193416677 0.002877019496610607 -0.0019159832334018625 8.680945304966061E-4 0.0010305588504262737 -0.0020174768939923756 
16 -0.0025570661492788685 -1.685247071052956E-4 -0.0023417178623482975 0.0012716257159282253 5.169443597465718E-4 -1.0240867375202512E-4 0.0014666235197782567 0.002403307451275568 -0.0024129646023641504 7.300884114976692E-6 0.0019482351991739254 6.106390400907765E-4 0.0017033958684050286 9.385781935423669E-4 0.0013032008841688358 0.0012866391732748693 
16 5.947362908404085E-4 4.356943991756803E-4 -4.0619181811894496E-4 5.781544787757723E-4 0.0016296838035478036 -0.001333489048272372 -8.240817249630778E-4 -7.474152032252844E-4 -0.0022003637617177088 7.649013891786153E-4 5.781382382705434E-4 -0.001456152153625745 0.002035398406052223 0.0024336499122492557 2.0470530265306362E-4 1.8958207207944199E-4 
16 0.0016479784355620895 -2.0302034569583344E-5 0.0017977338090491388 -0.0010571266061704027 6.449557001024755E-4 0.001227126117248153 0.0012693084868349318 -0.0016490561401919545 0.001365398262423036 0.001431747312817892 -0.001541221743231296 0.0015461317334880612 -0.002232369733514306 -9.672448040366589E-4 -0.0024340160856435636 0.0032488570946168243 
16 3.485516947907959E-4 -0.0022381724223407055 0.0023742146643602083 0.001663177532494628 3.7983226058944654E-4 -0.002742599300328778 0.0019398356177762015 -7.046893309916205E-5 0.0013158780345260011 6.644660567082115E-4 -0.0012883889857505336 0.0012057605146487808 -0.0013426061806312926 0.0013338161685655762 -0.001981909497662276 -0.0028809249868493804 
16 8.528803600713757E-5 -0.003252059989783914 -9.096086829906096E-4 0.002205905742674651 -0.00260042111245667 0.0020427366098800634 0.0012639011929726101 0.002399994136998105 0.0022012224197013644 -3.129069822986689E-4 0.001628485380415518 -0.002637902369128783 -0.0018735653155623878 -3.938170071033468E-4 -0.0013482771802694215 -1.6839689473014514E-4 
16 4.6118836318743186E-4 0.002655612943323725 0.0016195645758588766 3.989437356439377E-4 5.213148972438303E-4 0.001265579980446029 0.0018958591847398057 9.257210931285537E-4 -6.690881967463701E-4 0.0023398616368942218 -0.0021825934497569682 6.56344330574195E-4 -5.619868434504956E-4 -8.402434669418104E-4 0.0022561025204846223 -0.0011699777130182827 
16 -0.0018457023991734374 -0.002765641064038695 -7.620104843592608E-4 -4.735679838564454E-4 0.0011189374188774906 -4.8470012954449884E-4 -0.0018456786294893768 -0.0017321488716574706 0.0016563168575295004 -0.0012291642141900065 -0.001829800497338077 0.0015866182957577331 -2.1738850796775523E-4 -0.002406679911631167 0.001473188682311781 -9.860752300793402E-4 
16 0.0027733277048245116 -0.0024815043175713115 0.003353822558991751 0.0018097545461215779 -0.0014405764568985097 -9.388475382988653E-4 -9.55198428058296E-4 0.0015468150016321254 0.0027470086121597157 -1.3611626721687627E-4 -0.002406335779545426 0.0026698299605341226 -0.001478674023349629 0.0013047928335817181 -0.002490300133113535 0.0023122289773097717 
16 0.0012209290970604167 0.0010221344264865746 0.002167343658611835 -0.0024080949574612 -0.0017935264624690326 -0.0010337174076961212 0.0029945342861079187 -8.450873903206628E-4 -3.8793380284448184E-4 0.0015915250444204262 -1.237131062500333E-4 3.577564954131725E-4 -0.0015652879420292344 0.0029740232446640548 0.001899908101432481 9.51420467122299E-4 
16 0.0023556572039379877 -0.0015306880735255273 0.0017338886200414343 8.010225074635325E-4 -9.902033088724828E-4 6.624297542991638E-4 0.001327731770748266 0.0012796241828009346 6.64036259823001E-4 0.0019871076289286064 -0.0023738282458967276 -0.0024081374751802748 3.850650288442271E-5 -0.003029998426799068 -0.0021050756675223647 -0.0024780437647255464 
16 0.0011931313780554598 -0.0018881816443965709 -0.0027858302592304197 0.002176117285078112 -0.0022610759670432462 -0.0022159086434976483 -0.0027722459562824174 -0.0016509762769480667 -6.20526381667028E-4 0.0019316888985336559 0.001981128481592958 0.002362170873598981 3.2502389644865724E-4 5.075157668621954E-4 0.002720271983938348 -8.26896125458077E-4 
16 0.0023501729366561075 0.0011391758871921397 -8.291577783995848E-4 0.0028551865848230034 -0.0031487563758440178 0.0013818865056185708 -0.0027076547727724197 -0.002390874893139856 -0.0023356435946328717 -0.0016125628765995437 0.002342051371407868 8.125702808327405E-4 4.970183980993749E-4 0.0018463527394673408 1.585299091828325E-4 1.6478631565316684E-5 
16 8.589041813171077E-4 -0.001364964698459363 -0.0025414032879872966 1.7823859835062873E-4 0.0017958292794290774 -9.365496814503648E-4 0.002135742999496085 -6.657547832093649E-4 0.001727754000042649 0.0012045551226721296 -6.000590524921509E-4 -4.4607771428354075E-4 4.672779537967283E-4 -0.0018714273023629853 -0.0023902147069100425 0.0017294275106122068 
16 0.0027894035730261046 -0.00220731832293074 0.003474522064190271 -7.5935099469435E-4 0.0019859202837297545 0.0026177311459272263 1.802699516750457E-5 0.0013988137394552885 0.0013796289506665096 -0.0015733307291854823 0.0016799794161373636 -0.003338567187811296 2.3295999601714116E-4 0.0026992625244871065 9.466291165926582E-4 0.0031172363009373282 
16 6.116215648457313E-4 -1.0204972247370853E-4 -9.423867910090514E-5 7.932857143472228E-4 0.001658618963085113 -0.002138738633846662 5.61626681707527E-4 -0.001104622389951615 -0.002447999397183177 8.500291706423592E-4 0.002227469191724431 0.0018247294940020164 0.0015819353050407325 0.0014400830927045322 -0.0021619574420173927 6.552452357093642E-4 
16 -9.234992824456634E-4 0.0013742955227216947 -5.141168450657584E-4 0.0021990135068228993 -1.9767065296979967E-4 -0.0014772961440889815 -0.0025598610830566975 -7.486745134029926E-4 -0.0016149063187151608 0.002591630636875956 8.020441274150186E-4 -0.0015847400729525644 -6.961447007964942E-4 0.0010446794630140036 7.33623994096382E-4 -0.0020987072137831158 
16 -0.0013381727162230486 0.0010620249828923666 4.899736811421701E-4 3.573368569002371E-4 9.171062055535742E-4 0.002111116209234798 -0.0021195853117508138 0.0015104015385831125 -5.015027977233994E-4 -5.380739394794634E-5 -0.0016119326123602454 4.250084319029099E-4 0.0022831235603355676 -0.0012500565593106052 3.698941809278651E-4 -0.0025720660078204904 
16 -0.0026391674457819825 1.814586206823037E-4 0.002537045424525767 2.1634241584059114E-4 -0.001679138406724187 0.001874545738360115 0.0023918712050456513 6.362468117022857E-5 0.00236776643496773 0.0026503309364211596 0.0011073021604040716 -1.4856380350400955E-4 0.0024958422361036838 -0.0016477226936239375 -0.0027339643528302283 -0.002547169051976613 
16 -0.0010927360550530931 -3.1705992023570026E-4 9.978964411085098E-4 0.0018845387666075605 8.638692393112483E-4 -9.56071007176724E-4 -0.002051860371154023 -0.0031089041925678007 -5.895100410547978E-4 0.002173629640301607 0.0018356155613748729 -4.305211140932118E-4 -0.0014174752213152915 -0.0027317713345823133 -0.0013477335573639875 2.5648247121875075E-4 
16 0.0030430091265461344 -7.009767332669342E-4 0.0030422509331156215 0.0018504642717241467 -0.0023146485399093385 0.0027550565952822593 -0.0018002188852488956 0.002528689935559255 -0.0010725336842586516 -4.026890327001284E-4 0.0020758370442401732 0.002153022356255265 0.0024587604212779287 8.50035065858758E-4 -6.24388178876722E-4 0.0026636000936515114 
16 -0.002536437545125366 -0.002472652933095973 -0.0012894211795534828 -0.0023881992861843004 -0.0011112798101231074 8.625564627656496E-4 0.0020427251827510253 -0.0014055414730281485 -0.0017859466314152736 -3.5968760819894257E-4 -0.0015718343570318824 -1.6942922652132095E-4 -0.0028728800268344903 -0.0021456461590452147 0.0022499635860027574 0.00287454550418616 
16 0.0025793914364683384 0.0014439377657887444 0.0020272251215319803 4.055546976778751E-4 -0.0019746075031156843 -3.541471014878111E-4 -7.12363798036848E-4 0.0019556794249674667 0.0010144281045605219 -0.0017358945388816027 -0.0023788233981396024 2.318419588451326E-5 -5.854330600077973E-4 -0.0014062518418328388 0.002108818329177709 -3.4918084455305617E-4 
16 -1.9430999713500826E-4 -4.7118270700655573E-4 2.0881045933023945E-4 -5.271808124063254E-7 0.0017737901925082046 -0.0010578260415384302 -0.0014607773941094954 0.0030575684684970767 8.349980461311002E-5 0.0017630060661740616 -1.577483707431625E-4 0.0026090306653497506 0.002581401317258615 0.0022771828984354376 -0.0015672981180888967 2.4507687920694134E-5 
16 -6.461387785965798E-4 -6.220101492576841E-4 0.002010142287863066 -1.257471428742183E-4 -0.002139455759971012 2.4401811739761743E-4 -0.002762806543196451 0.0018512444974597758 -0.002630343673396595 0.0024759938614912955 -0.002089381462800961 -0.0028018688594764916 -5.460988788858616E-4 0.0021508201910886344 0.0024233290873837444 -0.0014668631781428697 
16 -4.1071214770689487E-4 -0.0024150560668551356 -5.310870803544753E-4 0.0014278452583190767 0.0026788960352931916 9.573968141429237E-4 -0.0027266054251346727 -0.0018975503131047505 6.978799653313102E-4 0.001838954183762944 -9.057422918259039E-4 -0.0011577760982679091 -0.0022698006495016024 0.0023057133943738604 -2.81780959988098E-4 -0.002815403530510233 
16 0.002124108798265313 0.0026075161664387866 2.6881740364351024E-4 -7.386201261340836E-4 0.0011988461226653173 -0.0017297839383477853 0.0022014917177567523 0.0018891721122084985 0.0020715697899799258 -0.0010467655733185151 -0.0022134610429814412 -7.667647378276177E-4 -8.678741394588169E-4 4.569096017972299E-5 -1.07162116194072E-4 -3.380788534161477E-4 
16 -0.001894937872311868 -0.0025675011570658423 0.002315362603964866 0.0016637033715857506 1.9441845610889313E-5 -0.002261432858970373 1.2119744750070102E-4 -2.139960066207071E-4 -0.0015183512673634422 -0.0027595035530778534 -7.359520443576219E-4 -7.190556824048827E-4 -0.0022713405154573514 0.0011017270981287552 5.849523646637923E-4 -6.910078064119413E-4 
16 0.0021925823117261555 0.002768266492727762 0.002237678301123347 3.5079022168773346E-4 5.048745313237449E-4 0.0020492282035412556 9.315109867148504E-4 0.00179893807256289 0.002365924888629824 -2.6738197278019046E-4 0.001068718299725264 3.023512529511153E-4 -0.0014581178131998244 9.952138689222627E-4 -0.0014730017973556737 0.0014546508341850774 
16 -0.0013462609193527948 -2.0015946352532087E-4 0.0012479140063713214 0.001546088165104202 1.7101469863005892E-5 1.4460477033371996E-4 0.002739848711164952 0.0010210324921558751 4.929447550407782E-4 -0.0019928375864075192 2.774608653319394E-4 -3.979783441513925E-4 0.001929166750449924 -0.002913107059369402 -0.002052226204335361 -0.0023304348492834692 
16 -0.0017405443934826246 4.7734529502617694E-4 0.0029038095094497413 -0.00152448941324425 -0.002243687171385447 -0.0011214091402950016 -5.016118775389344E-5 0.0016968468278440016 0.002699012946743325 0.0025671285776403758 0.002198647356014564 0.0014539267549812142 -5.750875554897935E-4 -0.0017090456966196259 -0.001090195718007498 3.4577006930969196E-4 
16 0.0025306642735082514 0.0012446163387207579 -3.7277572777735503E-4 0.001130481348862285 2.6149690882879223E-4 -0.0021397985262450125 -9.201860161686694E-4 -0.0014832706870856218 -0.002339123901106275 0.002536500784462807 -0.0026870028465347524 0.002204964765962839 -0.0019542334663615476 -0.0011868054285268906 0.0011614103923859055 -1.89867798421994E-4 
16 -0.0026887687334814694 -2.8879407036672594E-4 -0.0010339638418941377 -0.0014978995687326374 7.878527002858878E-4 0.0017690523656081827 -0.0012170246118632377 -0.0010268828942702596 -0.00234304504487426 -6.233023715745421E-4 7.480229138899493E-4 3.827512107218038E-4 -0.0017028463123281762 9.006091020997442E-4 0.001148193451261225 0.0014895011272372442 
16 -0.0028826315522717093 -0.001064507193051888 -5.714497543718363E-4 -0.0014934700190478356 1.7621613219913568E-4 8.689065294540579E-4 -0.0025687681982920862 -4.9965412342904626E-5 0.0014093779838723632 -0.0026119272034066227 -0.002616860411593924 -0.0026607269523353226 8.669355448554151E-4 0.0012416018978147953 -0.0017033619028809874 -0.00233833245218028 
16 2.3463704829576422E-4 -0.001055910748319111 0.0016448998761600434 -0.002481586516121638 6.997327293578555E-7 7.382305558142224E-4 -0.0013621786913726702 0.0018263448343080243 -0.0010494764434616018 -0.002843751948945095 4.13738761368758E-4 0.0012576535595802546 -0.0010734302961677605 -0.001544441393439555 -0.0012487125758151515 0.002004792034005515 
16 0.00184131544366593 0.0028974939093111057 0.0026121452288305237 3.9161338429654063E-4 6.17100694165901E-4 6.29329207132372E-4 0.001911656526480541 0.002272052238954571 0.0023877289060067544 -4.420463560863693E-4 6.955037523537153E-4 2.721390986554751E-4 0.002845882433291916 0.0019137479045848644 8.880695632982906E-4 -0.0023091907304278645 
16 -1.307397459327843E-4 -7.354750171701775E-4 0.0013791726308399637 -0.0027201116455678595 -3.655711463371825E-4 3.8409092792653874E-4 -0.0012591202925237338 -0.0010608696600884183 -7.501375848567452E-4 0.001683664252613137 -0.0017132291534551031 0.0018121806858264929 0.0012978175821968467 -0.0023197455458065096 -0.0013587303571675675 -0.0013168796209996855 
16 0.0015675339908111723 0.0023905459072745563 8.142644974325661E-4 5.112664130409913E-4 0.001967548548504773 0.0011839362309809828 -1.2478197147274865E-4 -0.001934602269694078 -0.0016241552365407837 -0.0012779322032455765 0.0019782228573572676 -6.01832442323964E-4 -0.0026939139128306353 0.0024454263549908146 -0.0013926911812322156 4.7209618977207476E-4 
16 7.400301224997815E-4 5.03961888378622E-4 -3.6530376568797104E-5 -7.047070788132726E-4 9.743537418226582E-4 0.0013256163179786787 -7.916625094355849E-4 -0.0013592019746523584 -0.0017438336711597619 -0.0016643120725547628 -6.863872879989956E-4 3.556833013573474E-4 -4.9578453951756114E-5 0.0030224635839203114 0.0014533214566291174 0.0014677879691611683 
16 -6.279314720797878E-4 0.0018978791291973313 4.064902331591092E-4 -1.0268947833609187E-4 -7.265765627808606E-4 1.1945660348283113E-4 0.002447352465163087 0.003190079202970016 -8.377086276664598E-4 -9.157961146032782E-4 -2.604623150835352E-4 -0.0025117691289373795 0.0011310420035212671 0.0018339227677426928 -0.0012805527995517676 0.002200673675934844 
16 1.7591944001086354E-5 1.9743364115575768E-5 -1.2973332735357644E-5 -7.884020050087961E-6 2.3274100752516198E-5 -9.824305129417902E-6 -1.7377838091630542E-5 -2.7082756700156388E-5 1.9313438012928258E-5 1.0515375986854986E-5 1.5136710418059954E-5 -2.6114006781145094E-5 -1.1527747951903905E-5 -9.422405889064391E-6 1.8927142499982334E-5 1.7209396271059014E-5 
16 -1.3510946760340191E-5 -1.836143579826679E-5 -7.31246861807989E-7 -2.2147224362873132E-5 1.8856624918390242E-5 -1.559312993288719E-5 2.402766459966264E-5 -6.018768222675261E-6 7.0037572102407125E-6 1.1392243659150014E-6 -1.0061681607667933E-5 5.957303372866075E-6 4.437757644116417E-6 1.0645567719662824E-5 -1.1980906966749476E-5 -7.383909480242337E-6 
16 -5.698151975092034E-6 2.100970002918347E-5 1.2515148601483853E-5 -1.898320619343865E-5 -2.153856576398413E-5 2.6432349448965618E-5 -2.4337357134190874E-5 2.1413101793153384E-6 1.8297574819318773E-5 1.0871836497512056E-5 -2.3330825990776246E-5 2.1686284136267615E-6 1.3064749596886525E-5 -2.0336615731111534E-5 -1.6743220264558002E-5 2.7894961996511206E-5 
16 8.24318336006416E-6 1.1172004522039246E-5 -1.0881278222342747E-5 -2.2867027944391572E-5 -1.522826815803725E-5 -2.658890026365078E-5 -2.8318781121158643E-5 7.012243324016083E-6 -6.4772487283095085E-6 -9.240625466719207E-6 -2.5607827917003564E-5 1.5795386803294212E-5 5.324503926993326E-6 -2.173668752783507E-6 1.0666090941853727E-5 -1.9632077589188788E-5 
16 -2.628880703798297E-5 3.2885372642154335E-6 3.2571741434508404E-5 -1.5552478346351725E-5 -8.609198594108467E-6 2.0661970766753742E-8 8.187112383436888E-6 1.1001449536896999E-5 1.0233348060667976E-5 2.5518168377479774E-5 1.002253737898907E-5 2.496502522670061E-7 -1.0352793315805493E-5 1.033805537611224E-5 -1.3951285036657535E-5 -2.3454700551765716E-5 
16 -4.146615490340146E-7 -2.6055752742605854E-5 1.4338519956308657E-4 2.947409489883524E-5 -7.561119878866547E-5 -3.4290282948714716E-5 -4.99403047028588E-5 6.671010753498877E-5 -4.691644309058256E-5 8.688724698220836E-5 -5.182484812073694E-5 6.933922036180393E-5 -1.6041787102976242E-5 -7.147840094334038E-6 -7.696295104294755E-5 -1.074281549686923E-5 
16 1.0527524037566489E-4 -8.612071668015298E-5 5.086695109673872E-4 2.321299824221882E-4 -2.2445993406943455E-4 -4.357893584667575E-5 -1.8428268402314061E-4 2.7283318911812534E-4 -2.9147724103287487E-4 2.904841051119977E-4 -1.7653521399357068E-4 2.0902043783748025E-4 -1.602142540240679E-4 7.884664958974796E-5 -3.3279305057506406E-4 -9.4100561753853E-5 
16 6.81946646460955E-5 -2.206406188140296E-4 5.302491100558626E-4 2.666875391043739E-4 -2.3633027797057257E-4 6.777703069516124E-5 -2.0397124709896223E-4 3.0800009718602193E-4 -3.602850197952227E-4 2.673514727670964E-4 -1.3577656534072058E-4 2.4139023146239503E-4 -7.83354799190521E-5 1.0103850021542533E-4 -2.699320215277601E-4 -8.194251170662242E-5 
16 1.1193591276127104E-4 -7.109384477234197E-5 4.989111487138102E-4 2.0976117687419057E-4 -2.1978031476447E-4 -4.369236386697941E-5 -1.1328968073528274E-4 3.4914760475263134E-4 -3.837416471533548E-4 2.452565149355996E-4 -2.314119398816288E-4 1.7966125697290743E-4 -1.2751660884429097E-4 1.5389315091895547E-4 -3.412102782033377E-4 -1.1072178147790394E-5 
16 9.242059286597094E-5 -6.682865887066705E-5 4.63452025783343E-4 1.9187246971191763E-4 -1.9697188193922317E-4 -1.839592088622108E-5 -1.275773658497805E-4 3.1154025447304465E-4 -3.0659370357757307E-4 2.3629543406463474E-4 -2.181018344936356E-4 1.6766036681446745E-4 -1.1739810352525886E-4 1.1195573410102317E-4 -3.162710964609507E-4 -2.3751893492125417E-5 
16 1.1167120109640618E-4 -7.60922134751036E-5 4.890812104658404E-4 2.140315785951068E-4 -2.048655848444628E-4 -3.683275324355516E-5 -1.4025538341380528E-4 3.20841111924714E-4 -3.3013012980427175E-4 2.5451648677989817E-4 -2.2210880328823733E-4 1.7125665106665605E-4 -1.2418918284703065E-4 1.1931638005329136E-4 -3.2959321739268945E-4 -2.5486818561073683E-5 
16 9.815918829649544E-5 -7.01679181577877E-5 4.7999237932163844E-4 2.0539329427802797E-4 -1.9792282484387404E-4 -4.317732617507681E-5 -1.3624453710447712E-4 3.1225595306099265E-4 -3.320879157721207E-4 2.5509716831349766E-4 -2.1591304981584161E-4 1.7488416110304162E-4 -1.21805201163891E-4 1.2282884583590255E-4 -3.3340061156938744E-4 -3.79007237253576E-5 
